2449464.5956         -13782.00                          8.00
  2449531.4302         -13751.00                          7.00
  2449752.6051         -13802.00                          8.00
  2449755.7183         -13812.00                          7.00
  2449766.7061         -13791.00                          7.00
  2449820.6112         -13844.00                          8.00
  2449851.5208         -13867.00                          8.00
  2449904.4072         -13863.00                          7.00
  2449907.4065         -13864.00                          7.00
  2449970.3277         -13852.00                          7.00
  2450021.2673         -13896.00                          7.00
  2450027.2444         -13882.00                          7.00
  2450091.6909         -13887.00                          7.00
  2450148.5611         -13897.00                          7.00
  2450150.6383         -13901.00                          7.00
  2450207.5116         -13907.00                          7.00
  2450212.5237         -13902.00                          7.00
  2450263.5103         -13902.00                          7.00
  2450265.4403         -13921.00                          7.00
  2450267.4670         -13900.00                          7.00
  2450324.3571         -13883.00                          7.00
  2450380.2417         -13888.00                          7.00
  2450382.2442         -13886.00                          7.00
  2450474.7151         -13906.00                          7.00
  2450474.7239         -13908.00                          7.00
  2450531.6407         -13867.00                          7.00
  2450531.6528         -13870.00                          7.00
  2450535.6413         -13873.00                          7.00
  2450561.5672         -13899.00                          7.00
  2450579.5503         -13882.00                          7.00
  2450623.4879         -13890.00                          7.00
  2450678.3287         -13865.00                          7.00
  2450701.3046         -13870.00                          7.00
  2450730.3173         -13857.00                          8.00
  2450731.3017         -13863.00                          7.00
  2450821.7229         -13802.00                          7.00
  2450858.6915         -13835.00                          7.00
  2450861.7002         -13825.00                          7.00
  2450885.6643         -13820.00                          8.00
  2450887.6508         -13821.00                          8.00
  2450911.5831         -13805.00                          9.00
  2450911.5996         -13817.00                          8.00
  2450912.5399         -13832.00                          7.00
  2450939.5857         -13820.00                          7.00
  2450941.5499         -13813.00                          7.00
  2450967.4309         -13809.00                          7.00
  2450973.4289         -13813.00                          7.00
  2451023.3664         -13797.00                          8.00
  2451023.3788         -13806.00                          8.00
  2451030.3506         -13793.00                          7.00
  2451036.3833         -13791.00                          7.00
  2451054.3182         -13784.00                          7.00
  2451088.2796         -13775.00                          7.00
  2451234.7105         -13708.00                          7.00
  2451235.7013         -13712.00                          7.00
  2451236.6831         -13716.00                          7.00
  2451266.6518         -13696.00                          8.00
  2451268.5184         -13703.00                          7.00
  2451299.5955         -13693.00                          7.00
  2451304.5558         -13698.00                          7.00
  2451305.5625         -13703.00                          7.00
  2451322.5027         -13713.00                          7.00
  2451323.5112         -13700.00                          7.00
  2451325.5424         -13711.00                          7.00
  2451353.3998         -13709.00                          7.00
  2451358.3927         -13698.00                          7.00
  2451391.3999         -13718.00                          7.00
  2451392.3716         -13719.00                          7.00
  2451394.3629         -13718.00                          7.00
  2451416.3193         -13719.00                          7.00
  2451417.3422         -13734.00                          7.00
  2451418.3245         -13723.00                          7.00
  2451438.3142         -13732.00                          7.00
  2451442.3108         -13741.00                          7.00
  2451466.2689         -13756.00                          7.00
  2451625.6693         -13813.00                          7.00
  2451653.5905         -13840.00                          7.00
  2451655.6391         -13831.00                          7.00
  2451687.5356         -13849.00                          7.00
  2451691.4347         -13848.00                          8.00
  2451722.4487         -13857.00                          7.00
  2451727.4612         -13853.00                          8.00
  2451754.3940         -13862.00                          7.00
  2451780.3345         -13865.00                          7.00
  2451783.3471         -13858.00                          7.00
  2451802.2990         -13869.00                          7.00
  2451804.3121         -13875.00                          7.00
  2451954.7185         -13867.00                          7.00
  2451956.6976         -13869.00                          7.00
  2451977.6726         -13871.00                          8.00
  2451979.6613         -13866.00                          8.00
  2452009.6008         -13879.00                          8.00
  2452010.5804         -13869.00                          8.00
  2452038.5590         -13892.00                          7.00
  2452078.4428         -13888.00                          8.00
  2452079.5054         -13879.00                          7.00
  2452081.4194         -13881.00                          7.00
  2452111.3670         -13875.00                          7.00
  2452113.3488         -13870.00                          7.00
  2452139.3667         -13868.00                          7.00
  2452158.3029         -13877.00                          8.00
  2452162.3537         -13872.00                          8.00
  2452193.2647         -13872.00                          7.00
  2452196.2606         -13874.00                          7.00
  2452356.6840         -13864.00                          8.00
  2452357.6368         -13848.00                          9.00
  2452389.5244         -13866.00                          7.00
  2452413.5760         -13848.00                          7.00
  2452450.4329         -13860.00                          7.00
  2452482.3489         -13849.00                          7.00
  2452509.3503         -13854.00                          7.00
  2452513.3804         -13863.00                          9.00
  2452722.6296         -13797.00                          7.00
  2452747.5755         -13810.00                          7.00
  2452751.5690         -13813.00                          7.00
  2452772.5602         -13796.00                          7.00
  2452776.5160         -13801.00                          7.00
  2452805.4363         -13787.00                          7.00
  2452856.4222         -13785.00                          7.00