  2447895.44812      5.7412                   0.005                   0          1  
  2447895.46243      5.7279                   0.006                   0          1  
  2447895.53701      5.7432                   0.007                   0          1  
  2447895.55133      5.7404                   0.006                   0          1  
  2447983.22155      5.7340                   0.005                   0          1  
  2447983.23588      5.7365                   0.005                   0          1  
  2447983.31044      5.7353                   0.005                   0          1  
  2447983.32476      5.7402                   0.006                   0          1  
  2447996.10840      5.7308                   0.005                   0          1  
  2447996.12274      5.7329                   0.005                   0          1  
  2447996.19730      5.7429                   0.004                   0          1  
  2447996.21163      5.7314                   0.006                   0          1  
  2447996.28618      5.7394                   0.005                   0          1  
  2447996.30051      5.7373                   0.005                   0          1  
  2448034.21551      5.7365                   0.007                   1          1  
  2448034.22983      5.7415                   0.005                   1          1  
  2448034.30438      5.7269                   0.006                   0          1  
  2448034.31872      5.7215                   0.005                   0          1  
  2448034.39327      5.7405                   0.005                   0          1  
  2448055.82251      5.7409                   0.005                   0          1  
  2448055.91137      5.7311                   0.005                   1          1  
  2448056.00026      5.7390                   0.005                   0          1  
  2448087.51657      5.7439                   0.007                   0          1  
  2448087.53091      5.7322                   0.005                   0          1  
  2448087.60546      5.7430                   0.007                   0          1  
  2448087.61980      5.7319                   0.004                   0          1  
  2448087.69434      5.7369                   0.005                   0          1  
  2448087.70867      5.7356                   0.004                   0          1  
  2448144.47536      5.7343                   0.005                   0          1  
  2448144.48968      5.7348                   0.005                   0          1  
  2448144.56425      5.7318                   0.004                   0          1  
  2448144.57857      5.7384                   0.005                   0          1  
  2448144.65315      5.7320                   0.004                   0          1  
  2448144.66743      5.7348                   0.005                   0          1  
  2448186.59353      5.7436                   0.005                   0          1  
  2448186.60783      5.7376                   0.006                   0          1  
  2448186.68242      5.7438                   0.005                   0          1  
  2448186.69675      5.7289                   0.007                   0          1  
  2448209.16702      5.7355                   0.006                   0          1  
  2448209.18134      5.7466                   0.005                   0          1  
  2448209.25592      5.7402                   0.005                   2          1  
  2448209.27023      5.7452                   0.005                   0          1  
  2448209.34482      5.7333                   0.007                   0          1  
  2448209.35912      5.7302                   0.004                   0          1  
  2448240.44432      5.7290                   0.005                   0          1  
  2448240.45864      5.7315                   0.005                   0          1  
  2448240.53321      5.7314                   0.005                   0          1  
  2448240.54751      5.7360                   0.005                   0          1  
  2448270.56404      5.7391                   0.004                   0          1  
  2448270.57837      5.7364                   0.008                   0          1  
  2448270.65292      5.7382                   0.006                   0          1  
  2448270.66727      5.7371                   0.006                   0          1  
  2448290.39562      5.7300                   0.005                   0          1  
  2448327.24561      5.7398                   0.005                   0          1  
  2448327.25992      5.7356                   0.005                   0          1  
  2448327.33449      5.7452                   0.006                   0          1  
  2448327.34881      5.7369                   0.005                   0          1  
  2448327.43769      5.7323                   0.005                   1          1  
  2448339.95501      5.7279                   0.005                   1          1  
  2448378.96333      5.7269                   0.008                   0          1  
  2448396.45562      5.7335                   0.006                   0          1  
  2448396.46994      5.7347                   0.005                   0          1  
  2448396.54448      5.7329                   0.005                   0          1  
  2448396.55883      5.7362                   0.004                   0          1  
  2448431.10195      5.7395                   0.004                   0          1  
  2448431.11630      5.7311                   0.005                   0          1  
  2448431.19082      5.7394                   0.005                   0          1  
  2448431.20518      5.7415                   0.005                   0          1  
  2448459.97859      5.7330                   0.005                   0          1  
  2448486.29523      5.7361                   0.008                   0          1  
  2448486.38408      5.7374                   0.005                   0          1  
  2448486.54756      5.7350                   0.006                   2          1  
  2448486.56187      5.7407                   0.006                   0          1  
  2448527.42059      5.7371                   0.006                   0          1  
  2448527.43493      5.7396                   0.004                   0          1  
  2448527.52381      5.7370                   0.004                   0          1  
  2448527.59839      5.7245                   0.006                   0          1  
  2448547.89407      5.7375                   0.007                   0          1  
  2448547.90837      5.7300                   0.008                   0          1  
  2448547.98293      5.7436                   0.006                   0          1  
  2448547.99726      5.7445                   0.007                   0          1  
  2448548.07185      5.7314                   0.007                   0          1  
  2448548.08613      5.7363                   0.006                   2          1  
  2448584.78385      5.7291                   0.005                   0          1  
  2448584.87274      5.7362                   0.006                   0          1  
  2448612.13809      5.7362                   0.004                   0          1  
  2448612.15243      5.7319                   0.006                   0          1  
  2448670.33223      5.7416                   0.005                   0          1  
  2448670.34655      5.7338                   0.006                   0          1  
  2448670.42112      5.7328                   0.005                   0          1  
  2448670.43547      5.7324                   0.006                   0          1  
  2448670.51004      5.7333                   0.006                   0          1  
  2448670.52434      5.7368                   0.006                   0          1  
  2448684.90771      5.7370                   0.006                   0          1  
  2448684.92200      5.7375                   0.005                   0          1  
  2448684.99660      5.7372                   0.004                   0          1  
  2448685.01089      5.7368                   0.006                   0          1  
  2448685.08546      5.7387                   0.005                   0          1  
  2448685.09980      5.7493                   0.006                   0          1  
  2448723.90166      5.7349                   0.008                   2          1  
  2448723.91600      5.7333                   0.010                   0          1  
  2448723.99054      5.7352                   0.005                   0          1  
  2448724.00486      5.7408                   0.005                   0          1  
  2448724.07942      5.7357                   0.004                   0          1  
  2448724.09376      5.7347                   0.005                   0          1  
  2448738.03241      5.7395                   0.004                   0          1  
  2448738.12130      5.7415                   0.005                   0          1  
  2448738.13561      5.7456                   0.007                   0          1  
  2448738.21016      5.7209                   0.005                   0          1  
  2448738.22451      5.7339                   0.007                   0          1  
  2448775.16327      5.7301                   0.006                   0          1  
  2448775.17757      5.7367                   0.005                   0          1  
  2448799.06539      5.7427                   0.007                   2          1  
  2448799.07970      5.7402                   0.006                   0          1  
  2448799.15427      5.7367                   0.007                   2          1  
  2448829.21629      5.7324                   0.005                   0          1  
  2448829.23058      5.7360                   0.005                   0          1  
  2448983.01892      5.7188                   0.006                 128          0  
  2448983.09349      5.7327                   0.006                 128          0  
  2448983.10781      5.6998                   0.006                 128          0  
  2448983.38911      5.7278                   0.007                 130          0  
  2448983.40343      5.7465                   0.005                 128          0  
  2448983.47800      5.7391                   0.006                 128          0  
  2448983.49231      5.7315                   0.005                 128          0  
  2448983.56689      5.7210                   0.005                 128          0  
  2448983.58121      5.7355                   0.006                 129          0  
  2448983.90322      5.8221                   0.009                 128          0  
  2448983.91755      5.7414                   0.005                 384          0  
  2448983.99213      5.7669                   0.008                 128          0  
  2448984.00642      5.7346                   0.005                 128          0  
  2448984.36092      5.7278                   0.006                 130          0  
  2448984.37525      5.7387                   0.007                 128          0  
  2448984.44982      5.8606                   0.030                 130          0  
  2448984.46412      5.7491                   0.008                 130          0  
  2448984.70269      5.7308                   0.008                 128          0  
  2449057.96432      5.7322                   0.005                   0          1  
  2449058.03891      5.7348                   0.006                   0          1  
  2449058.05323      5.7178                   0.007                   0          1  