2449767.0032  -54.9000015259                   5.1500001 
 2449768.97949  -52.3400001526                   2.5899999 
 2449793.95725   251.170227051                   1.0633756 
 2450087.93164  -87.5199966431                        2.22 
 2450089.01953  -92.3399963379                   2.0999999 
 2450089.97363  -88.3700027466                   1.7899998 
 2450091.08594  -93.4800033569                   2.0599999 
 2450121.03582  -39.5093612671                   2.0150669 
 2450122.02781  -44.5975494385                   2.2389762 
 2450124.99774  -17.0837078094                   1.6077241 
 2450125.86133  -13.7899999619                        2.71 
 2450127.03555  -5.92634344101                   2.2252114 
 2450129.04318   18.3870830536                    1.624686 
 2450144.95215   280.470001221                        1.85 
 2450145.95063   304.244903564                   2.5963769 
 2450148.96874   389.779876709                   1.9449005 
 2450150.93456   446.715484619                   1.7221081 
 2450172.91406   205.170257568                   1.9966049 
 2450173.88769   182.169998169                         2.5 
 2450179.78027   89.9100036621                   2.0799999 
 2450180.76619   74.0176239014                   1.3896024 
 2450186.83054   21.9980010986                   1.9133267 
 2450199.82101  -60.9325332642                   1.6757983 
 2450200.83765  -68.8430938721                   1.7653499 
  2450201.8274  -65.1635055542                   1.9795581 
  2450202.8301  -71.6350708008                   1.7430781 
 2450214.77957  -104.729629517                   1.7710379 
 2450234.80161  -50.4754486084                   1.9231744 
 2450263.66894   330.239990234                   1.8099998 
 2450502.97852   483.619995117                        2.21 
 2450537.88281  -3.66000008583                   2.3099999 
 2450563.75195  -76.5800018311                        2.47 
 2450614.75628   356.833984375                   1.7292067 
 2450655.68848  -12.8299999237                   2.3199999 
 2450794.06055  -90.5999984741                        1.91 
 2450978.76559   481.610351562                   2.0329669 
 2451005.70801  -7.34000015259                         3.0 
 2451207.01269   533.559997559                         2.8 
 2451303.82129   117.550003052                   2.6600001 
 2451700.73921   38.1577377319                   2.7800131 
 2451969.94727  -84.6800003052                   3.4200001 
 2452041.83128   166.382965088                   1.8858092 
 2452055.79115  -3.44821476936                    1.899152 
 2452072.71665  -87.8744812012                   1.9916352 
 2452122.69629   143.270004272                        2.45 
 2452333.97461  -54.8699989319                   2.9200001 
  2452334.9541  -52.5099983215                        3.28 
 2452335.96387  -64.4300003052                   2.3800001 
 2452338.95898  -33.2400016785                         2.7 
 2452345.94286   20.8925304413                   2.1689689 
 2452348.96495   44.4643363953                   1.9407667 
 2452427.76367  -109.489997864                        2.74 
 2452428.80859  -121.459999084                   2.1300001 
 2452449.72955  -72.4042205811                   2.0287678 
 2452723.93769   531.138671875                   2.1599941 
 2452796.71784  -87.3808441162                   1.2998518 
 2453021.07031  -100.559997559                   2.7500002 
 2453022.02494  -105.059997559                   2.6300004 
 2453069.87695   458.989990234                   2.3099999 
 2453080.95114   428.228942871                   1.5273957 
 2453102.86621  0.870000004768                        2.23 
 2453130.82447  -104.120422363                   1.6383293 
 2453162.70641   1.08942091465                   1.6861719 
  2453363.0515  -101.209999084                   2.4300001 
 2453389.06953  -48.4900016785                   2.4000001 
 2453391.00264  -52.5900001526                        2.45 
 2453392.04633  -41.0200004578                   2.3199999 
 2453393.02009  -28.9300003052                   2.3299999 
 2453403.04659   73.0800018311                        2.27 
 2453436.90184   267.589996338                        2.51 
 2453438.93611   213.169998169                   2.4300001 
 2453440.88377   183.300003052                        2.53 
 2453441.98706   171.759994507                   2.3399999 
 2453475.82543  -81.1600036621                   2.4100001 
  2453476.7924           -87.5                   2.5599999 
 2453477.81099  -96.6600036621                   2.3099999 
 2453478.84384  -98.4700012207                   2.4300001 
 2453479.85233  -93.5199966431                        2.54 
 2453501.82814  -69.8799972534                   2.5899999 
  2453565.7126           47.25                        2.55 
 2453753.02186   100.559997559                   3.3499997 
  2453756.0798   129.509994507                         2.7 
 2453773.99421   509.589996338                   2.4400001 
 2453843.87891  -86.0100021362                         2.3 
 2454134.03032   346.089996338                         2.3 
 2454169.93907  -86.2799987793                   2.3800001 
 2454196.85956  -86.5500030518                        2.29 
  2454219.8428   88.6999969482                   2.5599999 
 2454253.73653   259.371948242                   1.4450639 
 2454254.73845   254.630004883                        2.71 
 2454547.96363  -82.8000030518                   2.3199999 
 2454574.87404   161.600006104                   2.1800001 
 2454864.07315  -64.8003463745                   2.6281283 
 2455229.03665  -90.2273864746                    2.811621 
 2455312.79702   113.382873535                   1.5761052 
 2455577.01988  -94.5500030518                   2.3199999 
 2455602.94573  -54.1399993896                        2.05 
 2455603.92284  -45.3499984741                        2.55 