  2454527.543878          31181.80                          1.50
  2454530.604318          31173.20                          1.50
  2454550.503296          31197.20                          2.10
  2454775.819119          31188.10                          2.20
  2454776.758450          31184.80                          2.80
  2454777.761675          31181.70                          2.00
  2454778.754586          31173.40                          1.60
  2454779.750679          31175.00                          2.20
  2454780.754792          31180.50                          2.60
  2454789.829872          31187.80                          1.60
  2454790.802989          31191.40                          2.10
  2454791.810991          31199.00                          1.90
  2454792.809988          31193.30                          1.80
  2454793.827734          31185.50                          1.80
  2454794.800626          31190.10                          1.70
  2454795.809029          31183.50                          2.20
  2454796.836494          31175.60                          1.70
  2454797.803411          31178.70                          1.70
  2454798.806092          31192.50                          2.50
  2454799.776987          31192.60                          1.90
  2454799.864538          31197.70                          2.50
  2454800.759086          31188.00                          2.10
  2454800.846162          31185.70                          1.60
  2454801.753036          31183.20                          1.50
  2454801.839649          31185.10                          1.50
  2454802.748385          31185.40                          2.00
  2454802.843308          31183.50                          1.60
  2454803.752610          31181.50                          1.80
  2454803.834177          31178.90                          2.00
  2454804.755468          31178.20                          2.50
  2454804.834245          31184.70                          1.90
  2454805.777470          31197.00                          2.10
  2454805.850494          31203.90                          2.40
  2454806.764734          31204.40                          1.80
  2454806.844413          31203.60                          2.20
  2454807.728119          31193.70                          1.80
  2454807.826352          31196.50                          1.70
  2454825.736813          31191.60                          1.30
  2454826.739453          31194.30                          1.40
  2454827.726165          31201.80                          1.40
  2454828.736070          31216.00                          1.70
  2454829.735395          31205.70                          2.00
  2454830.724394          31188.10                          1.80
  2454831.710289          31178.80                          6.60
  2454831.728761          31175.30                          1.90
  2454832.725234          31186.50                          3.00
  2454833.734170          31189.20                          2.10
  2454834.753950          31200.30                          1.50
  2454847.596797          31189.00                          1.70
  2454847.693890          31190.80                          1.80
  2454847.756817          31190.90                          1.50
  2454848.600709          31184.60                          1.50
  2454848.682235          31179.20                          1.30
  2454848.759062          31175.80                          1.60
  2454849.594019          31183.50                          1.40
  2454849.671887          31178.60                          1.50
  2454849.749061          31179.10                          1.90
  2454850.595162          31186.90                          1.80
  2454850.664176          31187.80                          1.60
  2454850.750354          31190.70                          1.40
  2454851.592681          31191.40                          1.70
  2454851.666440          31192.60                          1.80
  2454851.747584          31192.30                          1.80
  2454852.598578          31189.20                          1.80
  2454852.673969          31186.10                          1.50
  2454852.741247          31191.80                          1.60
  2454853.573953          31196.10                          1.50
  2454853.698128          31200.40                          1.50
  2454853.746135          31200.80                          1.60
  2454854.580252          31206.20                          1.70
  2454854.657842          31207.40                          1.60
  2454854.741682          31200.10                          1.90
  2454855.675459          31200.30                          1.40
  2454856.652751          31194.20                          1.30
  2454857.646823          31209.10                          1.30
  2454858.663463          31213.00                          1.90
  2454859.649883          31201.30                          2.20
  2454860.752152          31190.70                          6.00
  2454861.684451          31199.10                          1.40
  2454862.662718          31189.80                          2.10
  2454863.655034          31178.40                          1.50
  2454864.630186          31174.70                          5.60
  2454865.597778          31187.10                          2.70
  2454865.715909          31182.90                          2.00
  2454866.660215          31176.80                          2.70
  2454867.560377          31163.30                          2.20
  2454867.670638          31164.60                          2.20
  2454868.591829          31167.50                          2.40
  2454868.687553          31169.50                          2.80
  2454869.600213          31184.80                          1.60
  2454869.688032          31189.00                          1.70
  2454870.601258          31186.80                          1.60
  2454870.715742          31187.20                          2.10
  2454871.537976          31192.30                          1.50
  2454872.564758          31203.00                          2.30
  2454872.649638          31198.00                          1.70
  2454872.727318          31192.80                          2.30
  2454873.537549          31195.00                          2.20
  2454873.650147          31192.90                          1.50
  2454873.720073          31190.20                          2.00
  2454879.536551          31201.70                          2.00
  2454879.676148          31199.00                          2.20
  2454880.613748          31205.40                          2.20
  2454881.591054          31203.80                          1.70
  2454882.525655          31198.70                          1.60
  2454882.656016          31203.40                          1.60
  2454883.588012          31204.30                          1.50
  2454884.526256          31198.50                          1.60
  2454884.646409          31190.30                          2.00