  2451247.778165          -5026.80                          6.00
  2451273.774905          -5044.30                          7.00
  2451310.583538          -5019.70                         13.00
  2451310.595621          -5021.30                          8.00
  2451570.852190          -5005.30                          7.00
  2451571.841775          -5021.70                          7.00
  2451572.840978          -5007.40                          8.00
  2451575.869017          -5034.50                          7.00
  2451576.841726          -5056.30                          6.00
  2451577.858187          -5063.80                          6.00
  2451578.829761          -5044.10                          6.00
  2451579.859545          -5038.20                          7.00
  2451580.838898          -4982.10                          6.00
  2451581.844733          -4994.20                          7.00
  2451582.841355          -5017.30                          6.00
  2451583.844053          -5034.80                          5.00
  2451585.833870          -5048.90                          6.00
  2451586.788938          -5051.40                          6.00
  2451587.850227          -5047.00                          6.00
  2451588.875368          -5051.10                          8.00
  2451590.850645          -5050.50                          6.00
  2451605.801578          -5031.20                          6.00
  2451611.791523          -5049.10                          9.00
  2451613.787221          -4974.50                         10.00
  2451614.748112          -5009.50                          9.00
  2451614.777175          -5008.20                          7.00
  2451615.823880          -5024.10                          9.00
  2451619.752564          -5052.50                          6.00
  2451620.794160          -5049.30                          8.00
  2451621.693018          -5058.70                          7.00
  2451622.691914          -5041.20                          7.00
  2451623.795594          -5033.10                          8.00
  2451624.700272          -4990.00                          7.00
  2451625.632936          -4999.60                          6.00
  2451626.702307          -5005.00                          6.00
  2451627.666499          -5020.60                          6.00
  2451628.655702          -5032.30                          7.00
  2451629.666689          -5048.50                          6.00
  2451630.650914          -5036.50                          6.00
  2451631.612383          -5036.00                          6.00
  2451632.613528          -5059.50                          5.00
  2451633.667811          -5056.70                          6.00
  2451634.671767          -5019.50                          7.00
  2451635.621381          -4963.20                          6.00
  2451636.678566          -4997.80                          6.00
  2451638.671009          -5033.90                          5.00
  2451639.602714          -5042.00                          5.00
  2451640.699190          -5037.90                          6.00
  2451641.669297          -5053.80                          7.00
  2451642.632805          -5052.40                          6.00
  2451643.694729          -5035.90                          8.00
  2451644.723793          -5039.90                          6.00
  2451645.667900          -5015.70                          6.00
  2451646.722737          -4982.60                          7.00
  2451664.703829          -5058.80                         39.00
  2451665.685163          -5053.10                          6.00
  2451667.681578          -4999.20                         10.00
  2451669.541855          -4986.50                         11.00
  2451669.553476          -4991.00                         11.00
  2451670.542745          -5029.80                          7.00
  2451671.506434          -5036.70                          7.00
  2451675.608311          -5045.70                          9.00
  2451675.619943          -5029.20                          9.00
  2451684.529098          -5027.50                         10.00
  2451684.540834          -5023.40                          8.00
  2451687.526153          -5049.70                          6.00
  2451689.627465          -4983.20                         10.00
  2451690.639169          -4863.10                         40.00
  2451691.618858          -5002.30                          8.00
  2451692.704388          -5002.80                         11.00
  2451693.561092          -5035.90                          8.00
  2451694.573556          -5058.70                          8.00
  2451696.497441          -5065.40                         13.00
  2451698.489041          -5042.50                         10.00
  2451699.627758          -5025.30                          8.00
  2451700.528391          -4978.30                          9.00
  2451701.670821          -4990.10                         10.00
  2451702.567459          -5005.60                          8.00
  2451746.485776          -5017.30                         10.00
  2451749.481787          -5031.70                          7.00
  2451903.848045          -5038.60                          5.00
  2451956.828266          -5035.00                          6.00
  2451958.818797          -5048.60                          7.00
  2451961.813793          -5000.10                          5.00
  2451962.786278          -4972.20                          6.00
  2451963.789656          -5007.50                          5.00
  2451964.820570          -5009.80                          5.00
  2451967.783358          -5044.40                          6.00
  2451969.820180          -5041.70                          6.00
  2451972.778598          -5017.90                          8.00
  2451973.750997          -4974.60                          6.00
  2451980.708941          -5044.60                          6.00
  2451987.789995          -5025.00                          7.00
  2451988.734930          -5037.80                          8.00
  2451992.740633          -5040.90                         12.00
  2451993.749722          -5026.40                          9.00
  2451995.755455          -4984.10                          9.00
  2451997.739505          -5019.80                          9.00
  2452000.679960          -5048.90                          8.00
  2452001.720270          -5061.90                          8.00
  2452005.757886          -4990.90                         12.00
  2452048.551765          -5020.40                         26.00
  2452289.843906          -4984.80                          5.00
  2452290.860538          -4999.40                          5.00
  2452290.873814          -5000.10                          7.00
  2452291.840050          -5001.70                          6.00
  2452292.834355          -5013.50                          5.00
  2452305.852462          -5039.50                          5.00
  2452309.802223          -5036.00                          4.00
  2452312.813757          -4996.00                          5.00
  2452313.820379          -5012.20                          6.00
  2452317.804225          -5044.80                          6.00
  2452318.814748          -5042.60                          5.00
  2452319.798625          -5042.00                          4.00
  2452320.800489          -5030.20                          4.00
  2452321.754340          -4998.70                          5.00
  2452322.824020          -4988.60                          5.00
  2452323.840930          -4990.00                          4.00