 2454084.00668  -1.60051948503                   0.6368298 
 2454084.92917   1.08390116312                   0.6632103 
 2454086.13194   3.75599772441                   0.6358473 
 2454130.06093 -0.761100479919                   0.6637642 
 2454131.01898  -2.16616491478                   0.7192729 
 2454131.94489  -5.73305567231                   0.7631267 
 2454138.92666   3.88131693887                   0.6295332 
 2454398.13266   3.52719593817                    1.020264 
 2454428.98803   1.52163966989                   0.6817991 
 2454430.16859  0.244759560021                   1.1044512 
 2454455.02549   1.32106022862                   1.1320163 
 2454456.05565  -3.47084450548                    1.127836 
 2454544.90049  -3.06752299199                   1.2497182 
 2454545.87183  -0.44618265459                    1.129204 
 2454779.04381   4.10859557616                   1.1918062 
 2454809.06539  0.635201422927                   1.2169245 
 2454810.16481   1.16230328672                    1.305933 
 2454811.13542     2.745043544                   1.1557827 
 2454839.11282    2.5836047822                    1.395081 
  2454847.0247 0.0619680568396                   1.3747731 
 2454865.07599   1.49233889305                   1.2125645 
 2454867.97112    1.6021203854                   1.3826972 
  2454929.8027  -4.82231272712                   0.6997693 
  2454934.8714  -0.49283865908                   0.6935754 
 2455134.08489  -2.61053998931                   0.7055592 
 2455136.10837  -2.01253616846                   0.6751233 
  2455164.0898 -0.264135031899                   1.2017686 
 2455172.15445  -3.26074155492                   0.6867269 
 2455173.07442  -3.84668003608                   0.6483775 
  2455174.1126  -8.43738761101                   0.7151388 
 2455187.94358   2.43794159559                   0.7623634 
 2455189.12347 -0.392958870245                   0.6888665 
 2455190.05217  0.216647151832                   0.6705748 
  2455191.0232  -2.71868633851                     0.68879 
 2455192.17581  -4.64431196249                   0.7044433 
  2455193.1677  -3.93603299785                   0.6944165 
 2455197.06681   2.12723123175                   0.6646852 
 2455197.98796  -2.07865329158                   0.6982957 
 2455198.98321  -5.20398478679                     0.71259 
 2455229.04306   1.64240950863                    0.693476 
 2455231.81608   4.63462848362                   0.6991758 
 2455252.02948   1.30577356888                   0.7515153 
 2455255.75805   4.04240163524                   0.7134426 
 2455256.92607   6.78884251014                   0.6624251 
 2455260.77118   1.20055622323                   0.6767715 
 2455285.83539  -3.04840815001                   0.7207822 
 2455289.85142 -0.493789058303                   0.6623606 
 2455311.80907  -5.28193314194                   0.7080985 
 2455312.77812  -2.79490108032                   0.6604919 
 2455313.81743  -4.45512680278                   0.7332208 
 2455314.74953  -1.69466081202                   0.7055453 
 2455319.75959  -1.44615539375                   0.6728697 
 2455320.77445   -3.2141769656                   0.6339261 
 2455321.75578  -6.05371424313                   0.6825161 
  2455342.7466  -3.96584511023                   0.7621455 
 2455343.74194  0.831893786096                   0.6875815 
 2455344.74904   -3.4795875626                   0.9084109 
 2455491.07144   1.46944507277                   0.6868154 
 2455501.06227   1.63907514317                   0.6907772 
 2455522.02958  -4.90992935296                   0.6607901 
 2455523.08151  -3.45084010652                   0.6895257 
 2455529.14251   -6.8844719826                   0.6733641 
 2455545.12831 -0.157878907639                   0.6819456 
 2455546.08074  -7.30136687178                   0.6722686 
 2455556.08649   1.81860738688                   0.7440509 
 2455557.02092  -2.13976264462                   0.6889964 
  2455558.0369  -1.35733187944                   0.6912943 
 2455559.01626  -1.96154070759                   0.7784933 
 2455584.96073   1.66115252391                   0.7341504 
 2455606.00103  -1.13800418013                   0.7641501 
 2455606.99134  -1.86091254302                   0.7567133 
 2455608.00757  -3.61522657429                   0.7668716 
 2455612.98455  -0.72217660785                   0.7321675 
 2455613.96554   1.28677052052                   0.6162975 
 2455633.82014  0.708238964691                   0.4791935 
 2455634.89991   -1.0590928766                    0.710111 
 2455636.76146   7.51046435114                   0.6740018 
 2455663.82763   3.19980151281                   0.7129813 
  2455668.8252  -1.49175099337                   0.6518565 
 2455670.79779 -0.286748701727                   0.6371176 
 2455672.84295 0.0380443361586                   0.6792882 
 2455700.73614  -1.58189019317                   0.6584656 
 2455703.74981  -7.98449341456                   0.6536894 
 2455842.12675  -4.30443523957                   0.7162012 
  2455843.1538  -3.47280181703                   0.7373666 
  2455844.1533  -3.89117298367                    0.688065 
 2455852.13163   2.34490526419                   0.6688152 
  2455871.1055  -2.60912978497                   0.7430544 
 2455878.11985   0.35987683852                   0.6570087 
 2455879.08711   1.29389821476                   0.6799769 
 2455902.00175  -5.63521743694                   0.6256236 
  2455903.0106  -3.63837695379                   0.6753827 
  2455904.0931  -3.57604126843                   0.6454171 
 2455904.94833  -3.43031959543                   0.7049791 
 2455945.02976  -3.94787548445                   0.7701712 
  2455960.9809   -3.7520328582                   0.6753503 
 2455990.89095   -1.6808597914                   0.7852666 
 2455996.81905  -8.88815525519                   1.3729151 
  2456027.8181  -1.61359939605                   0.6419932 
 2456076.73536  -3.80678036459                   0.7453499 
 2456209.14261   3.65891919069                   0.6850687 
 2456318.84779   4.03168580026                    0.696981 
 2456586.12492  -3.39517615102                   0.7301831 
 2456588.11928  -3.32503799809                   1.2971514 
 2456638.06014  0.584348264707                   0.6883393 
 2456709.88769   0.47129242142                   1.1465496 