 2453152.59977099                 0.8925352879999999               0.7796851091928103 
 2453202.58481201                 -1.5632114573                    1.592187215761648  
 2453203.53722286                 1.4251899669                     0.9164579235854189 
 2453205.5316787                  0.7577340263                     3.6218925094580525 
 2453207.507633157                -0.3840138387649568              1.7315803655447608 
 2453577.49560234                 3.3169778211                     0.9208487832436781 
 2453809.89358873                 -0.5751675892                    0.8825801230661916 
 2453810.783507                   -0.6369112785                    0.8147359092030362 
 2453812.7821523105               1.4621971265                     0.893652304760984  
 2453816.80955347                 -3.0906419024                    0.8761904016678429 
 2454173.8182221204               0.4043143059                     0.8371418356052893 
 2454293.58648195                 3.3631837128                     0.9717132815084334 
 2454296.5934477397               -0.3006568984                    1.015911621506546  
 2454299.5977683803               5.4537610005                     1.0914395308604194 
 2454300.5575623                  -0.9466374312000001              0.9572706745391026 
 2454646.56931367                 1.4751505198                     0.8935352170707949 
 2454658.56435948                 1.8413555306                     1.0860950455143723 
 2454666.54347292                 0.7689031958                     0.8138941709018396 
 2454878.86380173                 -0.205459791                     0.7516260312538661 
 2454879.8301322698               0.9030228981999999               0.8915371734170185 
 2454881.87370407                 -0.21956411069999998             0.7720852392488342 
 2454882.8535425                  -1.3401492317                    0.8266543295231776 
 2454883.8616120596               -0.3710219943                    1.0417872143541664 
 2454884.83539669                 1.1164948797                     0.8013389922947031 
 2454885.87507712                 -0.1672156434                    0.828370396783206  
 2454886.8435949697               0.4018809712                     0.9124651762492232 
 2454989.65226392                 3.7254495522                     0.87984467049558   
 2454992.65033511                 1.9639891993                     0.897636321027509  
 2455053.5561122                  1.4089171082                     0.9474674373723749 
 2455057.53838505                 0.7850108954999999               0.8893904885488364 
 2455275.77167786                 2.232275391                      0.9895963941466684 
 2455276.8713981602               2.8559029369                     1.3076037646221432 
 2455277.80603828                 1.1735203324999999               1.114428762560957  
 2455278.79051876                 2.5819606588000004               1.0611963023060467 
 2455279.79175883                 0.8192637385999999               1.7124704406670093 
 2455280.79386632                 -0.7413376528                    1.0274290595983047 
 2455281.75992935                 -3.2265858063                    1.0870871432256513 
 2455282.8139018                  -4.1255076077                    0.9391042644981249 
 2455283.77873649                 -3.3975679233                    1.007978846880725  
 2455292.80282253                 -2.2310374314                    0.9334261611598295 
 2455611.80710604                 6.708056001                      0.9443523290506045 
 2455641.7513715294               -1.1451754565                    0.9971512117024075 
 2455644.79098767                 0.5234676007                     0.7665431047830373 
 2455645.75943597                 1.6684135639                     0.8750057759066292 
 2455647.72989735                 0.9601233259                     2.198064273473698  
 2455648.82870979                 1.8177574045                     0.854731115055532  
 2455653.64950519                 0.6677863539000001               0.8465033962979585 
 2455656.65148805                 2.8559523626                     0.8315651620409484 
 2455659.7779481                  -0.3107940163                    0.9598470188467539 
 2455663.6284356494               1.4824136732                     1.1545167936366683 
 2455673.72249439                 4.8671548128                     0.9968958429935402 
 2455715.56064849                 1.9947484288000001               1.299026946079009  
 2456310.84059171                 -0.8693703512                    1.1317854722582372 
 2456320.86686076                 -0.8647384125                    1.0578750460496682 
 2456322.82801106                 -1.3197374775                    0.9612555952976795 
 2456354.82073621                 -1.6194807181                    1.0802023092478195 
 2456356.80482                    -0.6744582825999998              0.9786494141495499 
 2456361.83896944                 -0.6292781026                    0.9906212051279789 
 2456362.88096015                 -2.306916394                     1.1233491791738386 
 2456363.7780797                  -1.7981172302                    1.0079911881179302 
 2456365.8183521703               -3.9682463401000003              1.040482265149397  
 2456366.79470007                 -3.8210971397                    1.1372863659663173 
 2456367.7728184                  -6.1619392883                    1.045740332996942  
 2456369.75452959                 -4.7016297386                    0.8192814864447986 
 2456370.74777451                 -4.4500122071                    0.8370769493993007 
 2456371.80540938                 -3.1548752630999997              0.9078060740055522 
 2456373.7375062304               0.38242587640000003              0.8377996452805995 
 2456374.76446593                 -2.261261828                     1.170757558264902  
 2456417.706354612                0.47442728645076077              0.5752544654051274 
 2456417.90695928                 -0.6940231138                    1.7491171485584003 
 2456418.7192685176               -1.2444400695639073              0.5200159503155822 
 2456419.67051197                 -0.7608374510540042              0.8913439707256701 
 2456420.626733921                -1.6258428814798116              0.5528895947284667 
 2456421.5057289163               4.93148407772976                 1.3085879619458562 
 2456422.6597826695               -0.5860152152598459              0.7860148898789083 
 2456423.6613117466               -2.5174863286347335              0.9754907075202895 
 2456424.5840458306               -1.1006873767710552              0.9313690381509753 
 2456426.5939321537               1.3018050849883689               0.6411576086740718 
 2456427.4893689393               6.102990320201765                1.2185992466586448 
 2456428.5162189314               6.387317073315648                1.1913754238628116 
 2456656.806054473                1.4635313677953816               0.8053168291294142 
 2456657.808693229                -0.27185059089024743             0.6772276371260376 
 2456658.820313226                -1.3266465440216293              0.6781839663828017 
 2456659.832496523                1.1979104536096277               0.7882709246108313 
 2456660.840977839                -0.9331313237926944              0.8583087023256527 
 2456661.8272841563               0.8994811098763387               0.7456532801704315 
 2456663.8628815697               1.1764596982795186               0.731830298574804  
 2456665.83861743                 2.22008109246261                 0.7347621605880651 
 2456666.833086491                2.5675626025401774               0.6752418331082689 
 2456667.8291096166               1.4883462480373977               0.6463163659683169 
 2457406.87039901                 0.7939016338                     1.1103444754716305 
 2457407.86189548                 -1.5934628520000003              1.5811388300841898 
 2457410.86761729                 0.5605773595                     1.4995464970839762 
 2457412.86697063                 3.5068053411                     1.0505693862859593 
 2457413.8697096193               3.8648334125                     1.0846186413413725 
 2457414.87073604                 0.9118665893999999               1.1525964423710746 
 2457415.87885832                 1.4814887785                     1.0175820805010727 
 2457416.87218841                 1.2265078775                     0.9706541951890696 
 2457417.87913097                 -0.413307561                     0.7209362704901724 
 2457418.87481161                 -1.5398339619999997              0.9967181811263722 
 2457420.882228249                -0.4311014025603053              0.695096261979349  
 2457421.88003996                 0.22420932839999996              0.9981801205795277 
 2457422.86767754                 -0.810427091                     0.8669382729878388 
 2457423.87646273                 -0.42491739200000006             0.9404791162316852 
 2457425.88274846                 2.7747761987                     0.962838376727465  
 2457427.88331719                 1.1595378576                     0.7993560239884051 
 2457428.88029723                 -1.033159068                     0.9180606760554919 
 2457429.88158331                 -3.4920912659999996              1.0043314334246112 
 2457431.88701491                 0.6311048086                     0.9668752309168033 
 2457432.88311583                 -2.325758256                     0.957038812723869  
 2457433.89132418                 0.4832418663                     0.9741906371094827 
 2457434.87978581                 0.11184091280000001              1.0301936308379764 
 2457436.85909361                 2.5946254774                     0.9980315387990244 
 2457437.86190818                 1.5940394677                     0.9173497425724118 
 2457438.85789353                 -0.006221699                     1.0436146985943613 
 2457439.8578721797               0.4417934152                     1.0002807599626138 
 2457440.86273537                 0.0                              1.085390165642192  
 2457442.86880382                 -2.549401631                     0.9212326190034367 
 2457444.88726848                 1.6620287613999998               1.18805479091441   
 2457445.87074065                 1.2361051543                     1.1414180968422012 
 2457446.87152867                 1.1196797012                     0.9459756707748747 
 2457447.87666865                 1.6004919925                     1.0789770783605102 
 2457448.8801647606               1.5100683218000002               1.0361371750708417 
 2457449.8761485196               1.6204752717                     0.7099546887014624 
 2457450.89727265                 0.8945164878999999               1.0323433963801247 
 2457452.87896026                 -1.637920117                     0.9556990466408658 
 2457453.91179719                 -1.682492576                     0.9929376625755492 
 2457454.90845072                 -1.8511933480000002              1.0955720813929433 
 2457455.90908563                 0.4405930336000001               0.8231060439423247 
 2457456.9080765094               0.1782427152                     1.0792241847225383 
 2457457.88162545                 0.0525877218                     0.9418285788562685 
 2457458.89839443                 -0.442678762                     1.116356456676996  
 2457460.88322405                 -1.775077855                     0.7195071931034669 
 2457461.88424979                 -1.786856621                     0.9010360869748345 
 2457462.88796037                 -2.334671265                     0.9485390752857285 
 2457463.89002677                 -3.444191532                     1.259002937169187  
 2457465.88253678                 -3.6378153510000004              1.5811388300841898 
 2457466.91306386                 -3.3429175289999997              1.045569759873753  
 2457467.90990767                 -4.959589952                     1.083216995873163  
 2457473.8825767455               -1.6197312620000002              1.1726039399558574 
 2457474.89440513                 -4.776737085                     1.046307016971886  
 2457475.89205372                 -1.540799381                     0.9040178682163551 
 2457476.88925014                 -4.796467244                     1.0369286961297914 
 2457477.8979394794               -2.4931521159999996              1.1274255001572429 